315169	2721602
315169	24337278
315172	17705413
315172	38112999
315174	7752417
315174	10458742
315174	12205985
315174	27756318
315174	28559440
315174	41046932
315174	42591875
315174	45433468
315174	78189773
315183	62513411
315185	74779988
315185	79166012
315189	20486399
315189	35807447
315189	39450236
315189	45257972
315189	63313549
315189	71095288
315189	77413898
315193	20875063
315196	30161774
315196	79319457
315196	81210585
315206	2531016
315206	15313857
315206	73878497
315206	81067258
315210	12399463
315210	26817569
315210	71832020
315218	61577437
315219	46080443
315219	60687574
315223	25101378
315223	79447578
315223	80730789
315227	14880029
315234	26286592
315235	1733222
315235	11954042
315239	18364779
315239	63580122
315239	77781349
315239	82374117
315247	42614596
315247	71046741
315254	17160966
315254	19172205
315254	32046335
315254	40070071
315260	4168645
315263	5737296
315263	69002459
315269	308203
315269	32317702
315269	63031468
315273	4252972
315273	70207378
315275	34968861
315275	61237987
315276	26047661
315277	4617636
315277	10789353
315277	20341216
315277	22852595
315277	28913110
315277	37889289
315277	38123691
315277	49464639
315277	52899006
315277	56612914
315277	58232558
315277	69324260
315277	75977904
315277	78203775
315280	33603862
315280	82913905
315282	25717344
315282	68823811
315282	73768580
315286	62717459
315286	68257566
315287	19066081
315287	61037242
315290	35902730
315290	40760568
315297	2888019
315297	21929963
315297	77493635
315298	52308485
315298	56922365
315301	21160938
315304	5350736
315306	10601553
315309	16702219
315317	73805273
315321	34150829
315321	43021638
315321	50545732
315321	52958056
315321	57498669
315328	34169690
315328	41518390
315328	55655581
315328	66724820
315328	72952783
315328	75904296
315329	15426764
315329	68449930
315330	76841246
315336	4649104
315336	35366355
315336	40422401
315336	56024304
315336	62900856
315343	30790892
315343	69993256
315345	14569581
315356	5901592
315369	3490735
315369	39243406
315369	46116546
315371	22332237
315371	80110047
315371	84813259
315376	82750829
315379	28192106
315379	33072003
315379	54997087
315379	59496648
315379	63391530
315379	80123353
315381	48572916
315385	43025824
315388	77030460
315389	20451216
315389	49335502
315395	74970033
315397	70120936
315401	26571614
315401	59660163
315405	10703184
315405	21674313
315405	39995301
315406	68854438
315409	84793818
315410	1106954
315410	29539260
315413	20769633
315413	25912436
315413	30582310
315413	45396557
315413	58549852
315413	61513179
315413	70685055
315413	76194152
315413	78968172
315417	58075213
315423	2457621
315423	6405711
315423	57033434
315425	13577448
315425	46998850
315427	115788
315427	35515845
315429	59224521
315429	62063407
315429	65283010
315432	46482280
315434	5903006
315442	43449862
315455	16147635
315455	42261392
315455	56055879
315455	70533357
315455	77085891
315455	85466527
315456	66455289
315458	78583240
315463	31167608
315463	39716952
315463	42351710
315463	68261114
315463	74808184
315463	80312693
315469	24604398
315483	53215426
315486	4402288
315486	11598486
315486	38875205
315488	46888185
315490	58305250
315491	5919081
315491	15955205
315491	20069675
315491	39084990
315491	67360263
315491	79969995
315491	85959480
315494	74170147
315496	2034815
315496	3483616
315496	4733037
315496	12187177
315496	20053578
315496	34019044
315496	36547503
315496	36729904
315496	40249402
315496	50870849
315496	68783048
315502	3459907
315502	3756819
315502	16500354
315502	45327684
315502	66786014
315506	25573194
315515	3716143
315515	13820699
315519	9924414
315520	13843599
315521	10158064
315521	25024665
315537	16172543
315537	53631530
315537	59933742
315540	2765233
315540	3363249
315540	40111448
315540	54020042
315540	66365941
315540	75685719
315541	20858220
315545	10936456
315549	45079468
315549	50961253
315549	56151813
315549	67920586
315549	75804439
315551	14204798
315551	24348324
315555	15200242
315555	16886965
315555	24545342
315555	56251202
315555	62140533
315562	2387926
315562	71205250
315562	79711207
315562	81890265
315569	1228814
315569	23202763
315569	33210303
315569	44073374
315571	62992393
315575	31035656
315575	44607769
315575	47683473
315578	30971487
315578	52951649
315583	804454
315583	47582934
315583	63246037
315588	21379333
315588	79596832
315590	29398158
315590	68730057
315591	254934
315591	24673078
315591	29707934
315591	53811176
315591	78315304
315609	12066437
315609	16596169
315609	25319146
315609	37405896
315609	41961856
315609	50025319
315609	61077203
315610	15647377
315610	22397975
315610	58207550
315610	63935167
315611	32543876
315618	27620580
315621	16812393
315621	79217021
315622	5094931
315622	9362086
315622	66489385
315622	72730027
315622	84638475
315633	2743908
315633	22546790
315633	40614409
315633	78943340
315643	57881563
315656	39229486
315677	5922719
315677	19257371
315677	20654544
315677	55093194
315677	83215798
315677	84895246
315681	23779319
315681	66373289
315683	15942922
315683	19581112
315683	29963751
315685	43080871
315686	19240225
315688	16565958
315689	70747679
315689	85758226
315691	59184720
315701	29755509
315721	9151211
315727	1575539
315727	3102084
315730	20639550
315730	41457338
315730	44339390
315730	49937864
315730	54044176
315730	64491234
315730	66953128
315730	67256705
315730	71517677
315730	72138301
315730	72548085
315730	72630878
315730	82369662
315730	85400635
315733	50349516
315735	74738350
315735	76109683
315739	53622168
315742	14872906
315753	82517809
315755	25644103
315755	40603445
315755	42266772
315755	68514738
315759	26757567
315759	55251807
315768	33928806
315768	37758913
315768	47871422
315772	10873480
315772	36885636
315775	11476613
315775	31842141
315775	57151086
315775	62927581
315776	44297310
315787	38170991
315787	68875133
315796	53715656
315796	79212737
315799	6762676
315799	72220921
315803	17354386
315803	46566079
315803	52477913
315803	60603552
315805	12512694
315807	64187138
315810	5167473
315810	5337817
315810	10942069
315810	47297541
315810	77810980
315810	79440592
315817	10544050
315817	19828612
315817	39340291
315817	53800211
315817	64466649
315817	80189715
315820	2561292
315820	21420518
315820	42154943
315820	42563731
315820	56451845
315820	67992786
315820	78537767
315831	2999892
315831	77626650
315831	81438932
315839	100231
315839	2920959
315839	17175905
315839	29338078
315839	35139920
315839	49559946
315839	51132842
315839	57703893
315839	67857725
315839	68908159
315839	81807249
315847	79029974
315853	39881570
315855	6225978
315855	26346308
315877	80377165
315883	10938494
315883	28058496
315883	41100281
315886	28694716
315886	60565201
315886	62797232
315886	67064282
315887	41848138
315915	9602883
315915	14875493
315915	15411370
315916	38655101
315920	4166292
315920	32469515
315920	48688489
315920	76347392
315921	8088590
315921	37132401
315921	48645876
315921	53590472
315921	54756134
315921	61602061
315921	61860106
315921	64960485
315921	66681375
315922	12839486
315923	1565644
315923	27744344
315923	38129549
315927	5547919
315927	15415460
315927	70875841
315933	48980112
315933	83977865
315937	36671935
315937	48296084
315937	56763297
315939	3524163
315939	6737932
315939	53364461
315939	61421507
315939	81899221
315939	81951628
315941	24395746
315941	79624161
315941	79728336
315944	20946619
315944	27396832
315945	39928447
315945	71971794
315945	81844555
315945	84122016
315947	21091543
315947	21877813
315948	25595597
315948	27311256
315948	50449176
315961	15057501
315961	49859506
315961	75027842
315962	43583257
315963	37788725
315963	66773017
315967	57152275
315968	26116326
315978	31664525
315978	34354986
315981	16798265
315981	37381457
315981	51280310
315981	66816338
315981	70292614
315986	12623018
315986	16479220
315986	41092076
315986	60704136
315986	69839463
315986	73162900
315986	76388812
315990	54347523
315991	17108490
315992	557852
315992	55167136
315992	59936784
315992	71769219
315994	25188311
316002	5172852
316002	38853177
316003	2336831
316003	7865459
316003	74718772
316006	33266302
316006	65094589
316008	11929414
316008	45791373
316009	12471775
316009	18036341
316009	37496469
316009	48148369
316012	24240026
316012	27966371
316012	28052434
316014	5291855
316014	40768085
316014	71478374
316014	73628280
316016	20216148
316016	82925181
316017	42203569
316017	61142083
316029	13573217
316029	19031842
316029	85273479
316030	38195381
316030	38699260
316030	61684529
316031	1436705
316031	23196643
316034	26113762
316036	61593349
316036	77722241
316037	36475864
316037	39747508
316037	51441167
316039	14735293
316039	15867186
316039	19388779
316039	62820160
316039	70256756
316039	80534355
316039	81226407
316039	82169774
316041	67598777
316044	21957783
316044	84718662
316045	1791806
316045	67254175
316045	82176555
316046	5275326
316046	11046171
316046	71248862
316053	6314680
316053	44088295
316053	61555271
316053	73648104
316053	83535076
316054	19514929
316054	49009089
316055	10205763
316055	11075751
316055	31216117
316055	50999087
316055	51039002
316055	68785777
316057	1571609
316057	59937085
316062	12725322
316070	19523463
316070	19630672
316070	40061677
316077	61023018
316078	21673505
316078	26474862
316084	25746459
316084	42290704
316085	19950082
316088	77276184
316102	40323795
316107	82530774
316107	84365670
316112	8568656
316112	39900331
316112	72929216
316112	83720546
316117	13203715
316117	34379984
316117	52716280
316117	74771906
316127	35553489
316138	24794822
316147	78919913
316160	12319291
316160	15406551
316160	67626936
316160	68577569
316160	78870940
316160	84386167
316162	16998809
316162	68797795
316164	4696836
316164	19602897
316165	66438248
316165	85724889
316177	27844013
316177	58815059
316177	66009081
316177	68934362
316179	22287373
316179	53130888
316179	73081352
316179	83630024
316180	16482811
316180	46156343
316180	48564466
316180	65286056
316180	68606633
316180	74673546
316180	78206453
316181	30912629
316181	43035717
316181	53900646
316181	58457811
316181	79644677
316184	6101519
316200	43462056
316202	33384393
316202	82564665
316208	5229861
316208	25659803
316210	57657872
316210	66988190
316212	14885368
316214	60662545
316215	67086698
316215	77124289
316232	50314260
316232	50863327
316232	62643528
316232	84853164
316235	84812483
316241	13996324
316241	25360190
316241	55253949
316241	60768218
316245	16556747
316246	23962418
316247	1119830
316247	2776177
316247	49416420
316247	56802512
316247	78561299
316248	71232496
316255	26420627
316255	36891681
316255	70908419
316255	72796278
316255	74219384
316255	74596206
316255	80452747
316258	70855349
316258	81071796
316265	64283316
316276	67570327
316277	67185215
316284	18748696
316284	21882464
316284	48714911
316293	11806117
316293	39405270
316293	44759755
316296	2840158
316296	8673872
316296	50178452
316297	506395
316297	48049288
316304	31155838
316308	9125069
316308	14340402
316308	18171577
316308	31554528
316312	5026246
316312	62873079
316319	805648
316320	9361281
316320	24963879
316321	21582355
316323	50982040
316323	55357529
316323	63859141
316324	14806109
316324	61567848
316337	6765392
316345	10066980
316345	23857841
316345	49693584
316345	74373561
316346	11618313
316346	38191470
316348	72901035
316352	1446857
316352	65192598
316352	77592795
316358	2590599
316365	7670611
316365	22881414
316365	30313371
316365	33110997
316365	62693103
316365	62798277
316369	44168600
316369	75284879
316369	78626789
316369	84093638
316371	7657264
316371	84069265
316374	2565057
316374	50913200
316374	61657516
316374	69997119
316375	22736433
316375	35197855
316375	42277720
316375	75631729
316375	81868496
316381	35326346
316381	40136549
316381	78927980
316383	34589260
316383	54295789
316383	83995134
316384	2294355
316384	9415269
316388	25464621
316391	2320512
316391	27326601
316391	44999300
316391	72427018
316393	25362814
316393	37887248
316393	85942057
316414	11087030
316416	7445527
316418	19021003
316418	23096558
316418	69609528
316421	2253080
316421	32300255
316421	39452614
316421	40132068
316421	44930448
316421	54714875
316421	61663858
316421	71230869
316421	71483496
316423	17994391
316423	53244982
316425	14522853
316425	37814375
316425	41763449
316425	43645056
316425	72668588
316440	50052009
316440	53233559
316449	14775165
316449	15662471
316449	43842833
316453	43161709
316453	46871143
316453	63861076
316455	3792462
316455	39515848
316455	58755923
316461	30385233
316461	83320558
316469	29755510
316475	56139325
316475	78863432
316488	19784471
316488	21778621
316488	37277528
316488	41691503
316488	68607548
316488	75947614
316488	79392257
316491	1400714
316491	23145356
316491	40516632
316491	45503132
316491	49458317
316494	21383469
316494	51551819
316494	76993879
316505	4520133
316505	28605141
316505	29086713
316505	41800888
316505	48582698
316520	3168640
316520	5411431
316520	13296733
316520	30845698
316520	36634079
316520	46636126
316520	73319163
316520	85685085
316525	3745040
316532	11255580
316532	15702715
316532	21819919
316532	85478011
316533	58425708
316534	77214495
316538	30105190
316538	51774778
316549	5345201
316549	7882211
316558	23434848
316558	56553938
316559	12578315
316559	51235882
316559	77960810
316562	30014439
316562	42193779
316562	48835697
316563	5461746
316564	48713245
316578	33260863
316582	3973921
316582	46863836
316582	65070560
316582	86045611
316584	5958411
316584	61182667
316584	64754180
316598	16794434
316600	12976644
316602	45638797
316608	14314810
316608	51623770
316612	8736536
316612	39454549
316614	43131992
316619	61655255
316622	7515628
316644	24644436
316644	60555882
316644	85332993
316653	6882037
316653	63075149
316655	5364341
316655	12163945
316655	27486043
316655	40829922
316655	68663836
316662	34060048
316665	49163839
316674	19457979
316674	35343890
316674	46637243
316674	49034675
316674	57102382
316674	58874710
316674	67161817
316678	8960707
316678	12150377
316678	46305898
316679	14863602
316679	16327433
316679	23373337
316679	61024183
316679	61165925
316679	67199145
316679	76721522
316679	79689210
316680	76715632
316683	5340275
316683	27121746
316683	34717150
316683	57444279
316690	5301566
316690	14105245
316698	9929614
316698	10225219
316698	12207537
316698	45735198
316698	76907057
316699	29049505
316711	11671949
316712	15250799
316712	74625276
316714	17110463
316714	68268912
316716	30141000
316716	30322988
316716	43614861
316716	58711519
316717	30824054
316719	11180245
316719	60305441
316719	60386434
316721	12870831
316721	25081672
316721	69402440
316732	3381960
316732	22249190
316732	71669102
316736	4840052
316736	16531604
316736	33872951
316736	34919016
316736	70612524
316744	29070627
316744	43933313
316745	26456053
316745	27535200
316745	52352457
316745	62246066
316750	14384377
316752	26543101
316752	45582805
316764	12682663
316764	12862292
316764	23007454
316764	45485602
316764	50986052
316764	54381950
316768	69930424
316770	11852074
316770	13175046
316770	22749933
316770	55553422
316770	56061156
316770	78043358
316770	85661566
316783	30763287
316783	55588597
316783	77457877
316787	39048610
316806	38065244
316810	85305383
316814	77334426
316816	6651837
316816	33881410
316816	40201760
316817	24224070
316817	85665153
316820	37057694
316820	41421966
316820	63878428
316824	38448007
316825	15364958
316825	57602629
316828	50882358
316828	66839683
316830	33493848
316833	22612336
316836	84333625
316849	69808300
316854	9692513
316854	20609383
316854	25090460
316854	27643157
316854	35074238
316854	72101260
316863	16134283
316863	19112667
316863	33129567
316863	52091467
316864	7224608
316864	41033425
316864	61451355
316864	84646010
316865	27015790
316865	27733245
316870	75243934
316870	84605753
316880	55830382
316881	67423460
316887	41737236
316887	48070495
316907	35138636
316907	40100078
316907	65219098
316907	69499268
316914	6113735
316914	42081303
316915	20056794
316915	80856668
316918	21653348
316918	22854789
316918	69800704
316923	16430885
316923	17185944
316923	39446496
316930	6360171
316930	71042606
316930	82620831
316933	60414293
316949	32026114
316951	1368329
316951	7720783
316951	17344600
316951	20635174
316951	31629603
316951	33664874
316951	53023820
316951	66954026
316951	68933030
316951	73850060
316951	83384382
316954	4199754
316954	14362731
316954	34148698
316954	45218745
316957	4890359
316958	10910469
316958	34608598
316960	4200998
316960	48506034
316964	34157599
316972	23609203
316972	25984153
316972	83125007
316980	60981772
316980	84397092
316981	12734293
316981	40190395
316982	29778143
316982	52236094
316982	77361939
316984	28538981
316989	33784142
316989	41757506
316989	51204627
316989	83090435
317013	36956889
317013	71302466
317020	9049597
317020	19983659
317020	48877623
317020	80297180
317027	461745
317027	25873119
317027	65514963
317027	81839985
317027	85402512
317027	85857485
317028	50489777
317034	34776679
317035	28153161
317035	81298206
317046	48200808
317046	74650377
317055	59562224
317056	53755387
317056	84942388
317058	53077552
317064	8288843
317064	28896401
317064	31866680
317064	53881760
317064	77371403
317064	79481338
317065	12364806
317065	41849947
317068	16227113
317068	27431409
317068	32903983
317068	60934436
317075	33190250
317076	44446218
317076	58253374
317076	83864037
317077	10170950
317087	10390532
317087	18032064
317087	26125873
317094	39654916
317108	18233011
317110	28435228
317114	10051557
317114	21939954
317114	44245947
317114	63296468
317127	19676742
317131	46406646
317132	4897827
317136	14358792
317136	15302231
317136	32144977
317136	33437259
317136	45393694
317136	51699622
317137	15636596
317137	83832230
317137	84031541
317140	47710956
317140	48599399
317140	53618205
317142	10578776
317142	35174605
317158	2904618
317158	20732736
317165	62432808
317169	10733205
317169	45888565
317169	75056114
317172	7227476
317172	85334140
317179	11240835
317184	8417199
317184	43482514
317185	3349398
317185	60262672
317185	67682917
317189	22508688
317189	46400941
317189	61555402
317201	12230210
317202	35016700
317202	42721037
317202	53671486
317207	11231988
317207	41963302
317216	23478807
317216	23813840
317216	32400958
317216	60760378
317217	84193825
317218	47948458
317218	78454492
317227	77435774
317233	64802447
317234	7732860
317234	20809084
317234	32858883
317234	37357627
317234	38022388
317234	52912264
317234	54793492
317234	64164476
317234	73089413
317234	82376708
317238	3766843
317238	22964025
317238	76363947
317241	84502050
317250	54180515
317251	1783330
317251	22119241
317259	22388951
317259	40933933
317263	36338732
317263	50238795
317263	71095924
317268	1820410
317268	5306788
317268	5940500
317268	52600133
317268	70985905
317268	72917026
317280	81428242
317284	929364
317284	30024001
317284	66557357
317284	76276136
317284	83971536
317289	11801413
317295	68510122
317299	25672621
317299	58020742
317302	2518510
317302	5434491
317302	9622743
317302	19264100
317302	22865147
317302	28387256
317302	30357775
317302	59534856
317302	59762523
317305	44389495
317308	76730662
317311	3470199
317311	25031420
317311	58865820
317311	74303072
317311	78292473
317320	50998710
317321	24392447
317323	51969560
317323	54455210
317326	7355474
317326	36515350
317339	4423609
317339	20512904
317339	66986794
317339	85163823
317340	58738227
317340	67199474
317340	80763984
317343	78003625
317346	31520754
317346	54945309
317350	368594
317350	65390747
317353	62179284
317354	4430393
317354	34595369
317354	35476516
317354	37818356
317354	79729469
317358	15365667
317358	30069360
317358	48731621
317374	24546730
317374	25057494
317374	43498143
317374	47487499
317374	48750874
317374	73227472
317374	80334565
317381	22640688
317389	58167019
317391	10027031
317391	36733273
317391	40688893
317391	43573225
317391	58923941
317391	71420481
317391	71774187
317391	74079644
317394	34330454
317398	25305373
317398	30569623
317398	46000772
317403	12479770
317403	26711889
317403	49115988
317403	72659733
317403	77142602
317408	75325773
317409	36929672
317409	53570131
317411	15789775
317411	19839512
317411	31383719
317411	44171477
317411	62158560
317417	21205552
317417	85434239
317420	36497158
317421	15718265
317421	77760561
317423	49908902
317423	53791598
317428	42774005
317429	70585609
317430	54671108
317430	59126432
317430	69084379
317430	70112556
317434	61964451
317435	66015151
317443	4238081
317443	9362974
317443	35841141
317443	81709161
317453	65086480
317470	27596626
317470	37896576
317470	50777356
317470	76239484
317470	82454984
317475	39499523
317487	62788550
317493	30218469
317493	57474711
317497	37894908
317497	85993233
317504	66859467
317504	78108172
317508	1424555
317508	53039115
317509	40336629
317511	25873141
317511	30527750
317512	12854784
317512	43164130
317512	81747199
317513	15145547
317513	57722093
317519	23470411
317519	58937592
317520	72552022
317533	23355588
317533	56640719
317533	68178650
317533	77594650
317533	83393766
317535	17975067
317535	32763442
317535	70822687
317536	31234991
317536	45337586
317540	1406195
317540	62309096
317540	77707699
317543	30048280
317543	32379133
317543	81997435
317544	64941128
317547	67928370
317551	75452699
317557	14318041
317557	40478207
317557	58113632
317557	62452693
317559	47187397
317559	49687037
317559	50101958
317559	53602568
317559	64124736
317565	46760263
317565	50589157
317566	61346689
317566	76858049
317578	53361798
317578	62623987
317578	79445626
317579	41163250
317589	82801125
317590	479126
317591	27629966
317591	42200589
317592	70514430
317593	16526058
317593	27583010
317597	34654121
317597	38189067
317597	79201677
317598	38986843
317600	13146104
317600	54207911
317605	30242936
317605	45759561
317605	45998536
317610	49259885
317610	64893996
317611	19431655
317617	4195591
317617	21401152
317617	34814903
317617	72777114
317618	65382585
317633	48632660
317633	61033612
317635	45364109
317635	77966342
317637	83530629
317647	28295739
317655	64551978
317664	67766789
317667	2806723
317668	3429652
317668	21482937
317668	48751720
317671	22405470
317671	32857003
317671	34089243
317671	63917888
317671	76887967
317673	84150400
317675	35990496
317675	40646315
317677	71184544
317678	26234611
317678	35067537
317681	10624062
317681	34490948
317681	62638721
317683	77404748
317687	15162488
317687	54429884
317687	70992795
317707	46857178
317707	57772488
317707	81765794
317708	77058808
317713	58346591
317713	65002359
317715	31774935
317715	77549210
317716	79510095
317718	3367320
317718	11144844
317723	67859009
317730	5245677
317730	13012914
317730	48997316
317730	62224904
317735	68194490
317744	25609044
317748	76107741
317751	59243573
317751	62483599
317751	63992276
317767	9645208
317767	43620672